     10.00  0.34000E+02  0.39000E+02
     20.00  0.38000E+02  0.53000E+02
     30.00  0.45000E+02  0.54000E+02
     40.00  0.35000E+02  0.67000E+02
     50.00  0.55000E+02  0.53000E+02
     60.00  0.47000E+02  0.65000E+02
     70.00  0.44000E+02  0.64000E+02
     80.00  0.45000E+02  0.78000E+02
     90.00  0.45000E+02  0.80000E+02
    100.00  0.42000E+02  0.82000E+02
    110.00  0.40000E+02  0.78000E+02
    120.00  0.43000E+02  0.80000E+02
    130.00  0.46000E+02  0.85000E+02
    140.00  0.41000E+02  0.80000E+02
    150.00  0.39000E+02  0.80000E+02
    160.00  0.48000E+02  0.73000E+02
    170.00  0.34000E+02  0.79000E+02
    180.00  0.34000E+02  0.82000E+02
    190.00  0.47000E+02  0.80000E+02
    200.00  0.30000E+02  0.78000E+02
    210.00  0.43000E+02  0.76000E+02
    220.00  0.46000E+02  0.76000E+02
    230.00  0.48000E+02  0.64000E+02
    240.00  0.44000E+02  0.72000E+02
    250.00  0.42000E+02  0.69000E+02
    260.00  0.38000E+02  0.71000E+02
    270.00  0.36000E+02  0.70000E+02
    280.00  0.36000E+02  0.67000E+02
    290.00  0.41000E+02  0.74000E+02
    300.00  0.55000E+02  0.78000E+02
    310.00  0.29000E+02  0.92000E+02
    320.00  0.52000E+02  0.90000E+02
    330.00  0.33000E+02  0.82000E+02
    340.00  0.35000E+02  0.83000E+02
    350.00  0.44000E+02  0.81000E+02
    360.00  0.29000E+02  0.76000E+02
    370.00  0.49000E+02  0.71000E+02
    380.00  0.49000E+02  0.67000E+02
    390.00  0.47000E+02  0.73000E+02
    400.00  0.48000E+02  0.73000E+02
    410.00  0.40000E+02  0.68000E+02
    420.00  0.47000E+02  0.76000E+02
    430.00  0.47000E+02  0.67000E+02
    440.00  0.32000E+02  0.74000E+02
    450.00  0.48000E+02  0.70000E+02
    460.00  0.48000E+02  0.80000E+02
    470.00  0.36000E+02  0.81000E+02
    480.00  0.39000E+02  0.84000E+02
    490.00  0.47000E+02  0.81000E+02
    500.00  0.47000E+02  0.87000E+02
    510.00  0.42000E+02  0.75000E+02
    520.00  0.54000E+02  0.71000E+02
    530.00  0.36000E+02  0.80000E+02
    540.00  0.38000E+02  0.78000E+02
    550.00  0.52000E+02  0.75000E+02
    560.00  0.47000E+02  0.68000E+02
    570.00  0.43000E+02  0.74000E+02
    580.00  0.34000E+02  0.90000E+02
    590.00  0.48000E+02  0.85000E+02
    600.00  0.43000E+02  0.84000E+02
    610.00  0.44000E+02  0.86000E+02
    620.00  0.39000E+02  0.80000E+02
    630.00  0.40000E+02  0.82000E+02
    640.00  0.43000E+02  0.89000E+02
    650.00  0.44000E+02  0.84000E+02
    660.00  0.41000E+02  0.83000E+02
    670.00  0.45000E+02  0.82000E+02
    680.00  0.49000E+02  0.67000E+02
    690.00  0.41000E+02  0.83000E+02
    700.00  0.40000E+02  0.77000E+02
    710.00  0.51000E+02  0.87000E+02
    720.00  0.52000E+02  0.79000E+02
    730.00  0.37000E+02  0.79000E+02
    740.00  0.41000E+02  0.75000E+02
    750.00  0.40000E+02  0.72000E+02
    760.00  0.32000E+02  0.77000E+02
    770.00  0.43000E+02  0.76000E+02
    780.00  0.51000E+02  0.78000E+02
    790.00  0.36000E+02  0.81000E+02
    800.00  0.41000E+02  0.83000E+02
    810.00  0.38000E+02  0.74000E+02
    820.00  0.39000E+02  0.78000E+02
    830.00  0.39000E+02  0.83000E+02
    840.00  0.44000E+02  0.74000E+02
    850.00  0.44000E+02  0.82000E+02
    860.00  0.40000E+02  0.82000E+02
    870.00  0.39000E+02  0.84000E+02
    880.00  0.45000E+02  0.77000E+02
    890.00  0.42000E+02  0.92000E+02
    900.00  0.41000E+02  0.77000E+02
    910.00  0.40000E+02  0.83000E+02
    920.00  0.40000E+02  0.89000E+02
    930.00  0.41000E+02  0.94000E+02
    940.00  0.40000E+02  0.84000E+02
    950.00  0.49000E+02  0.70000E+02
    960.00  0.41000E+02  0.78000E+02
    970.00  0.49000E+02  0.73000E+02
    980.00  0.41000E+02  0.67000E+02
    990.00  0.39000E+02  0.73000E+02
   1000.00  0.52000E+02  0.74000E+02
   1010.00  0.41000E+02  0.81000E+02
   1020.00  0.46000E+02  0.87000E+02
   1030.00  0.45000E+02  0.90000E+02
   1040.00  0.50000E+02  0.81000E+02
   1050.00  0.49000E+02  0.84000E+02
   1060.00  0.40000E+02  0.83000E+02
   1070.00  0.50000E+02  0.77000E+02
   1080.00  0.35000E+02  0.79000E+02
   1090.00  0.43000E+02  0.81000E+02
   1100.00  0.43000E+02  0.79000E+02
   1110.00  0.57000E+02  0.77000E+02
   1120.00  0.40000E+02  0.76000E+02
   1130.00  0.42000E+02  0.76000E+02
   1140.00  0.45000E+02  0.69000E+02
   1150.00  0.43000E+02  0.62000E+02
   1160.00  0.42000E+02  0.78000E+02
   1170.00  0.43000E+02  0.79000E+02
   1180.00  0.35000E+02  0.81000E+02
   1190.00  0.43000E+02  0.80000E+02
   1200.00  0.45000E+02  0.78000E+02
   1210.00  0.51000E+02  0.76000E+02
   1220.00  0.44000E+02  0.68000E+02
   1230.00  0.46000E+02  0.73000E+02
   1240.00  0.48000E+02  0.69000E+02
   1250.00  0.31000E+02  0.81000E+02
   1260.00  0.42000E+02  0.84000E+02
   1270.00  0.34000E+02  0.86000E+02
   1280.00  0.42000E+02  0.81000E+02
   1290.00  0.34000E+02  0.79000E+02
   1300.00  0.41000E+02  0.65000E+02
   1310.00  0.30000E+02  0.68000E+02
   1320.00  0.38000E+02  0.72000E+02
   1330.00  0.40000E+02  0.77000E+02
   1340.00  0.42000E+02  0.74000E+02
   1350.00  0.49000E+02  0.83000E+02
   1360.00  0.54000E+02  0.87000E+02
   1370.00  0.42000E+02  0.85000E+02
   1380.00  0.56000E+02  0.85000E+02
   1390.00  0.39000E+02  0.81000E+02
   1400.00  0.48000E+02  0.85000E+02
   1410.00  0.55000E+02  0.74000E+02
   1420.00  0.44000E+02  0.78000E+02
   1430.00  0.35000E+02  0.80000E+02
   1440.00  0.49000E+02  0.68000E+02
   1450.00  0.39000E+02  0.82000E+02
   1460.00  0.30000E+02  0.92000E+02
   1470.00  0.40000E+02  0.95000E+02
   1480.00  0.37000E+02  0.89000E+02
   1490.00  0.58000E+02  0.67000E+02
   1500.00  0.54000E+02  0.88000E+02
   1510.00  0.42000E+02  0.79000E+02
   1520.00  0.47000E+02  0.84000E+02
   1530.00  0.65000E+02  0.73000E+02
   1540.00  0.41000E+02  0.74000E+02
   1550.00  0.41000E+02  0.76000E+02
   1560.00  0.48000E+02  0.68000E+02
   1570.00  0.47000E+02  0.81000E+02
   1580.00  0.48000E+02  0.74000E+02
   1590.00  0.39000E+02  0.83000E+02
   1600.00  0.55000E+02  0.63000E+02
   1610.00  0.46000E+02  0.63000E+02
   1620.00  0.45000E+02  0.71000E+02
   1630.00  0.43000E+02  0.68000E+02
   1640.00  0.39000E+02  0.78000E+02
   1650.00  0.55000E+02  0.74000E+02
   1660.00  0.39000E+02  0.79000E+02
   1670.00  0.36000E+02  0.81000E+02
   1680.00  0.36000E+02  0.79000E+02
   1690.00  0.51000E+02  0.69000E+02
   1700.00  0.42000E+02  0.71000E+02
   1710.00  0.39000E+02  0.66000E+02
   1720.00  0.34000E+02  0.70000E+02
   1730.00  0.37000E+02  0.75000E+02
   1740.00  0.32000E+02  0.70000E+02
   1750.00  0.38000E+02  0.72000E+02
   1760.00  0.32000E+02  0.78000E+02
   1770.00  0.42000E+02  0.73000E+02
   1780.00  0.36000E+02  0.72000E+02
   1790.00  0.34000E+02  0.71000E+02
   1800.00  0.43000E+02  0.68000E+02
   1810.00  0.59000E+02  0.62000E+02
   1820.00  0.42000E+02  0.68000E+02
   1830.00  0.39000E+02  0.76000E+02
   1840.00  0.54000E+02  0.63000E+02
   1850.00  0.38000E+02  0.71000E+02
   1860.00  0.44000E+02  0.74000E+02
   1870.00  0.40000E+02  0.81000E+02
   1880.00  0.32000E+02  0.78000E+02
   1890.00  0.37000E+02  0.85000E+02
   1900.00  0.58000E+02  0.88000E+02
   1910.00  0.40000E+02  0.81000E+02
   1920.00  0.40000E+02  0.77000E+02
   1930.00  0.49000E+02  0.75000E+02
   1940.00  0.41000E+02  0.76000E+02
   1950.00  0.40000E+02  0.73000E+02
   1960.00  0.38000E+02  0.72000E+02
   1970.00  0.53000E+02  0.68000E+02
   1980.00  0.41000E+02  0.75000E+02
   1990.00  0.44000E+02  0.68000E+02
   2000.00  0.43000E+02  0.73000E+02
   2010.00  0.41000E+02  0.78000E+02
   2020.00  0.44000E+02  0.79000E+02
   2030.00  0.37000E+02  0.76000E+02
   2040.00  0.36000E+02  0.87000E+02
   2050.00  0.50000E+02  0.90000E+02
   2060.00  0.49000E+02  0.85000E+02
   2070.00  0.44000E+02  0.76000E+02
   2080.00  0.31000E+02  0.80000E+02
   2090.00  0.35000E+02  0.79000E+02
   2100.00  0.40000E+02  0.73000E+02
   2110.00  0.42000E+02  0.78000E+02
   2120.00  0.44000E+02  0.75000E+02
   2130.00  0.44000E+02  0.81000E+02
   2140.00  0.36000E+02  0.85000E+02
   2150.00  0.58000E+02  0.86000E+02
   2160.00  0.40000E+02  0.89000E+02
   2170.00  0.43000E+02  0.82000E+02
   2180.00  0.39000E+02  0.80000E+02
   2190.00  0.45000E+02  0.81000E+02
   2200.00  0.48000E+02  0.80000E+02
   2210.00  0.47000E+02  0.87000E+02
   2220.00  0.45000E+02  0.91000E+02
   2230.00  0.43000E+02  0.76000E+02
   2240.00  0.41000E+02  0.76000E+02
   2250.00  0.50000E+02  0.71000E+02
   2260.00  0.35000E+02  0.80000E+02
   2270.00  0.40000E+02  0.92000E+02
   2280.00  0.49000E+02  0.89000E+02
   2290.00  0.35000E+02  0.90000E+02
   2300.00  0.40000E+02  0.80000E+02
   2310.00  0.50000E+02  0.75000E+02
   2320.00  0.43000E+02  0.84000E+02
   2330.00  0.30000E+02  0.69000E+02
   2340.00  0.26000E+02  0.74000E+02
   2350.00  0.42000E+02  0.70000E+02
   2360.00  0.44000E+02  0.80000E+02
   2370.00  0.36000E+02  0.85000E+02
   2380.00  0.37000E+02  0.83000E+02
   2390.00  0.33000E+02  0.81000E+02
   2400.00  0.41000E+02  0.84000E+02
   2410.00  0.52000E+02  0.75000E+02
   2420.00  0.46000E+02  0.77000E+02
   2430.00  0.45000E+02  0.74000E+02
   2440.00  0.39000E+02  0.69000E+02
   2450.00  0.46000E+02  0.74000E+02
   2460.00  0.45000E+02  0.75000E+02
   2470.00  0.49000E+02  0.76000E+02
   2480.00  0.42000E+02  0.72000E+02
   2490.00  0.46000E+02  0.71000E+02
   2500.00  0.54000E+02  0.72000E+02
   2510.00  0.51000E+02  0.69000E+02
   2520.00  0.42000E+02  0.62000E+02
   2530.00  0.45000E+02  0.65000E+02
   2540.00  0.45000E+02  0.75000E+02
   2550.00  0.42000E+02  0.74000E+02
   2560.00  0.41000E+02  0.72000E+02
   2570.00  0.44000E+02  0.75000E+02
   2580.00  0.40000E+02  0.72000E+02
   2590.00  0.34000E+02  0.80000E+02
   2600.00  0.46000E+02  0.71000E+02
   2610.00  0.42000E+02  0.74000E+02
   2620.00  0.48000E+02  0.79000E+02
   2630.00  0.45000E+02  0.71000E+02
   2640.00  0.44000E+02  0.75000E+02
   2650.00  0.38000E+02  0.75000E+02
   2660.00  0.47000E+02  0.70000E+02
   2670.00  0.39000E+02  0.74000E+02
   2680.00  0.36000E+02  0.72000E+02
   2690.00  0.44000E+02  0.66000E+02
   2700.00  0.45000E+02  0.81000E+02
   2710.00  0.33000E+02  0.69000E+02
   2720.00  0.40000E+02  0.63000E+02
   2730.00  0.44000E+02  0.71000E+02
   2740.00  0.40000E+02  0.81000E+02
   2750.00  0.37000E+02  0.75000E+02
   2760.00  0.45000E+02  0.68000E+02
   2770.00  0.51000E+02  0.66000E+02
   2780.00  0.43000E+02  0.71000E+02
   2790.00  0.50000E+02  0.75000E+02
   2800.00  0.46000E+02  0.65000E+02
   2810.00  0.53000E+02  0.75000E+02
   2820.00  0.45000E+02  0.75000E+02
   2830.00  0.40000E+02  0.72000E+02
   2840.00  0.42000E+02  0.76000E+02
   2850.00  0.50000E+02  0.78000E+02
   2860.00  0.44000E+02  0.69000E+02
   2870.00  0.42000E+02  0.76000E+02
   2880.00  0.32000E+02  0.82000E+02
   2890.00  0.42000E+02  0.69000E+02
   2900.00  0.37000E+02  0.72000E+02
   2910.00  0.53000E+02  0.71000E+02
   2920.00  0.47000E+02  0.76000E+02
   2930.00  0.34000E+02  0.92000E+02
   2940.00  0.48000E+02  0.69000E+02
   2950.00  0.30000E+02  0.82000E+02
   2960.00  0.39000E+02  0.87000E+02
   2970.00  0.37000E+02  0.79000E+02
   2980.00  0.55000E+02  0.79000E+02
   2990.00  0.58000E+02  0.84000E+02
   3000.00  0.39000E+02  0.79000E+02
   3010.00  0.41000E+02  0.78000E+02
   3020.00  0.47000E+02  0.74000E+02
   3030.00  0.39000E+02  0.73000E+02
   3040.00  0.45000E+02  0.80000E+02
   3050.00  0.47000E+02  0.77000E+02
   3060.00  0.41000E+02  0.79000E+02
   3070.00  0.39000E+02  0.78000E+02
   3080.00  0.38000E+02  0.76000E+02
   3090.00  0.45000E+02  0.67000E+02
   3100.00  0.43000E+02  0.69000E+02
   3110.00  0.48000E+02  0.76000E+02
   3120.00  0.35000E+02  0.73000E+02
   3130.00  0.40000E+02  0.72000E+02
   3140.00  0.32000E+02  0.79000E+02
   3150.00  0.36000E+02  0.81000E+02
   3160.00  0.42000E+02  0.79000E+02
   3170.00  0.47000E+02  0.74000E+02
   3180.00  0.47000E+02  0.71000E+02
   3190.00  0.47000E+02  0.79000E+02
   3200.00  0.42000E+02  0.69000E+02
   3210.00  0.36000E+02  0.78000E+02
   3220.00  0.46000E+02  0.70000E+02
   3230.00  0.43000E+02  0.65000E+02
   3240.00  0.44000E+02  0.70000E+02
   3250.00  0.44000E+02  0.73000E+02
   3260.00  0.48000E+02  0.71000E+02
   3270.00  0.58000E+02  0.73000E+02
   3280.00  0.38000E+02  0.78000E+02
   3290.00  0.41000E+02  0.73000E+02
   3300.00  0.38000E+02  0.81000E+02
   3310.00  0.37000E+02  0.85000E+02
   3320.00  0.47000E+02  0.73000E+02
   3330.00  0.40000E+02  0.72000E+02
   3340.00  0.44000E+02  0.72000E+02
   3350.00  0.42000E+02  0.64000E+02
   3360.00  0.42000E+02  0.68000E+02
   3370.00  0.45000E+02  0.70000E+02
   3380.00  0.44000E+02  0.70000E+02
   3390.00  0.36000E+02  0.81000E+02
   3400.00  0.44000E+02  0.78000E+02
   3410.00  0.46000E+02  0.71000E+02
   3420.00  0.50000E+02  0.70000E+02
   3430.00  0.51000E+02  0.70000E+02
   3440.00  0.41000E+02  0.78000E+02
   3450.00  0.42000E+02  0.77000E+02
   3460.00  0.36000E+02  0.67000E+02
   3470.00  0.50000E+02  0.71000E+02
   3480.00  0.50000E+02  0.62000E+02
   3490.00  0.40000E+02  0.70000E+02
   3500.00  0.40000E+02  0.71000E+02
   3510.00  0.38000E+02  0.66000E+02
   3520.00  0.45000E+02  0.67000E+02
   3530.00  0.51000E+02  0.64000E+02
   3540.00  0.43000E+02  0.75000E+02
   3550.00  0.47000E+02  0.75000E+02
   3560.00  0.56000E+02  0.73000E+02
   3570.00  0.37000E+02  0.81000E+02
   3580.00  0.42000E+02  0.81000E+02
   3590.00  0.44000E+02  0.74000E+02
   3600.00  0.38000E+02  0.73000E+02
   3610.00  0.43000E+02  0.66000E+02
   3620.00  0.50000E+02  0.67000E+02
   3630.00  0.33000E+02  0.76000E+02
   3640.00  0.39000E+02  0.69000E+02
   3650.00  0.42000E+02  0.69000E+02
   3660.00  0.43000E+02  0.74000E+02
   3670.00  0.32000E+02  0.79000E+02
   3680.00  0.33000E+02  0.83000E+02
   3690.00  0.42000E+02  0.69000E+02
   3700.00  0.45000E+02  0.70000E+02
   3710.00  0.43000E+02  0.69000E+02
   3720.00  0.54000E+02  0.64000E+02
   3730.00  0.38000E+02  0.80000E+02
   3740.00  0.39000E+02  0.82000E+02
   3750.00  0.55000E+02  0.80000E+02
   3760.00  0.46000E+02  0.73000E+02
   3770.00  0.41000E+02  0.75000E+02
   3780.00  0.41000E+02  0.72000E+02
   3790.00  0.51000E+02  0.80000E+02
   3800.00  0.53000E+02  0.75000E+02
   3810.00  0.43000E+02  0.77000E+02
   3820.00  0.43000E+02  0.63000E+02
   3830.00  0.39000E+02  0.70000E+02
   3840.00  0.41000E+02  0.77000E+02
   3850.00  0.37000E+02  0.70000E+02
   3860.00  0.48000E+02  0.78000E+02
   3870.00  0.34000E+02  0.84000E+02
   3880.00  0.42000E+02  0.77000E+02
   3890.00  0.42000E+02  0.72000E+02
   3900.00  0.44000E+02  0.74000E+02
   3910.00  0.37000E+02  0.84000E+02
   3920.00  0.45000E+02  0.80000E+02
   3930.00  0.43000E+02  0.74000E+02
   3940.00  0.34000E+02  0.70000E+02
   3950.00  0.54000E+02  0.76000E+02
   3960.00  0.47000E+02  0.67000E+02
   3970.00  0.43000E+02  0.79000E+02
   3980.00  0.35000E+02  0.79000E+02
   3990.00  0.41000E+02  0.83000E+02
   4000.00  0.35000E+02  0.81000E+02
   4010.00  0.35000E+02  0.96000E+02
   4020.00  0.39000E+02  0.99000E+02
   4030.00  0.47000E+02  0.93000E+02
   4040.00  0.40000E+02  0.92000E+02
   4050.00  0.42000E+02  0.82000E+02
   4060.00  0.47000E+02  0.78000E+02
   4070.00  0.42000E+02  0.68000E+02
   4080.00  0.44000E+02  0.71000E+02
   4090.00  0.42000E+02  0.78000E+02
   4100.00  0.47000E+02  0.77000E+02
   4110.00  0.32000E+02  0.87000E+02
   4120.00  0.51000E+02  0.76000E+02
   4130.00  0.41000E+02  0.75000E+02
   4140.00  0.50000E+02  0.71000E+02
   4150.00  0.41000E+02  0.75000E+02
   4160.00  0.56000E+02  0.68000E+02
   4170.00  0.35000E+02  0.74000E+02
   4180.00  0.43000E+02  0.70000E+02
   4190.00  0.31000E+02  0.77000E+02
   4200.00  0.36000E+02  0.72000E+02
   4210.00  0.38000E+02  0.85000E+02
   4220.00  0.42000E+02  0.88000E+02
   4230.00  0.41000E+02  0.89000E+02
   4240.00  0.38000E+02  0.80000E+02
   4250.00  0.45000E+02  0.73000E+02
   4260.00  0.49000E+02  0.66000E+02
   4270.00  0.39000E+02  0.61000E+02
   4280.00  0.56000E+02  0.64000E+02
   4290.00  0.47000E+02  0.76000E+02
   4300.00  0.46000E+02  0.76000E+02
   4310.00  0.36000E+02  0.76000E+02
   4320.00  0.48000E+02  0.78000E+02
   4330.00  0.40000E+02  0.69000E+02
   4340.00  0.31000E+02  0.83000E+02
   4350.00  0.50000E+02  0.74000E+02
   4360.00  0.37000E+02  0.72000E+02
   4370.00  0.37000E+02  0.75000E+02
   4380.00  0.33000E+02  0.75000E+02
   4390.00  0.47000E+02  0.71000E+02
   4400.00  0.51000E+02  0.68000E+02
   4410.00  0.42000E+02  0.71000E+02
   4420.00  0.51000E+02  0.60000E+02
   4430.00  0.36000E+02  0.68000E+02
   4440.00  0.40000E+02  0.64000E+02
   4450.00  0.29000E+02  0.85000E+02
   4460.00  0.39000E+02  0.78000E+02
   4470.00  0.39000E+02  0.74000E+02
   4480.00  0.48000E+02  0.86000E+02
   4490.00  0.51000E+02  0.77000E+02
   4500.00  0.54000E+02  0.76000E+02
   4510.00  0.44000E+02  0.71000E+02
   4520.00  0.45000E+02  0.62000E+02
   4530.00  0.44000E+02  0.71000E+02
   4540.00  0.37000E+02  0.70000E+02
   4550.00  0.35000E+02  0.74000E+02
   4560.00  0.37000E+02  0.75000E+02
   4570.00  0.34000E+02  0.76000E+02
   4580.00  0.43000E+02  0.72000E+02
   4590.00  0.39000E+02  0.70000E+02
   4600.00  0.39000E+02  0.86000E+02
   4610.00  0.40000E+02  0.69000E+02
   4620.00  0.47000E+02  0.70000E+02
   4630.00  0.43000E+02  0.72000E+02
   4640.00  0.48000E+02  0.71000E+02
   4650.00  0.53000E+02  0.66000E+02
   4660.00  0.36000E+02  0.82000E+02
   4670.00  0.42000E+02  0.80000E+02
   4680.00  0.39000E+02  0.78000E+02
   4690.00  0.39000E+02  0.84000E+02
   4700.00  0.47000E+02  0.81000E+02
   4710.00  0.54000E+02  0.74000E+02
   4720.00  0.41000E+02  0.79000E+02
   4730.00  0.38000E+02  0.89000E+02
   4740.00  0.36000E+02  0.84000E+02
   4750.00  0.36000E+02  0.87000E+02
   4760.00  0.46000E+02  0.87000E+02
   4770.00  0.37000E+02  0.79000E+02
   4780.00  0.35000E+02  0.76000E+02
   4790.00  0.46000E+02  0.81000E+02
   4800.00  0.41000E+02  0.83000E+02
   4810.00  0.40000E+02  0.72000E+02
   4820.00  0.51000E+02  0.78000E+02
   4830.00  0.37000E+02  0.81000E+02
   4840.00  0.38000E+02  0.91000E+02
   4850.00  0.29000E+02  0.86000E+02
   4860.00  0.37000E+02  0.68000E+02
   4870.00  0.40000E+02  0.68000E+02
   4880.00  0.41000E+02  0.53000E+02
   4890.00  0.42000E+02  0.68000E+02
   4900.00  0.41000E+02  0.74000E+02
   4910.00  0.45000E+02  0.75000E+02
   4920.00  0.47000E+02  0.84000E+02
   4930.00  0.40000E+02  0.83000E+02
   4940.00  0.50000E+02  0.76000E+02
   4950.00  0.50000E+02  0.75000E+02
   4960.00  0.37000E+02  0.77000E+02
   4970.00  0.52000E+02  0.78000E+02
   4980.00  0.47000E+02  0.85000E+02
   4990.00  0.42000E+02  0.84000E+02
   5000.00  0.39000E+02  0.84000E+02
   5010.00  0.53000E+02  0.80000E+02
   5020.00  0.40000E+02  0.76000E+02
   5030.00  0.40000E+02  0.73000E+02
   5040.00  0.33000E+02  0.77000E+02
   5050.00  0.47000E+02  0.82000E+02
   5060.00  0.43000E+02  0.81000E+02
   5070.00  0.40000E+02  0.77000E+02
   5080.00  0.48000E+02  0.65000E+02
   5090.00  0.42000E+02  0.69000E+02
   5100.00  0.36000E+02  0.69000E+02
   5110.00  0.35000E+02  0.68000E+02
   5120.00  0.44000E+02  0.67000E+02
   5130.00  0.36000E+02  0.63000E+02
   5140.00  0.43000E+02  0.76000E+02
   5150.00  0.36000E+02  0.74000E+02
   5160.00  0.40000E+02  0.75000E+02
   5170.00  0.37000E+02  0.77000E+02
   5180.00  0.31000E+02  0.80000E+02
   5190.00  0.48000E+02  0.87000E+02
   5200.00  0.47000E+02  0.79000E+02
   5210.00  0.46000E+02  0.71000E+02
   5220.00  0.48000E+02  0.61000E+02
   5230.00  0.43000E+02  0.73000E+02
   5240.00  0.39000E+02  0.70000E+02
   5250.00  0.39000E+02  0.75000E+02
   5260.00  0.49000E+02  0.52000E+02
   5270.00  0.42000E+02  0.56000E+02
   5280.00  0.37000E+02  0.66000E+02
   5290.00  0.51000E+02  0.67000E+02
   5300.00  0.36000E+02  0.65000E+02
   5310.00  0.35000E+02  0.74000E+02
   5320.00  0.35000E+02  0.66000E+02
   5330.00  0.53000E+02  0.62000E+02
   5340.00  0.40000E+02  0.66000E+02
   5350.00  0.46000E+02  0.79000E+02
   5360.00  0.44000E+02  0.82000E+02
   5370.00  0.52000E+02  0.72000E+02
   5380.00  0.39000E+02  0.70000E+02
   5390.00  0.46000E+02  0.68000E+02
   5400.00  0.48000E+02  0.76000E+02
   5410.00  0.37000E+02  0.72000E+02
   5420.00  0.51000E+02  0.74000E+02
   5430.00  0.51000E+02  0.68000E+02
   5440.00  0.60000E+02  0.68000E+02
   5450.00  0.46000E+02  0.80000E+02
   5460.00  0.39000E+02  0.74000E+02
   5470.00  0.44000E+02  0.71000E+02
   5480.00  0.44000E+02  0.80000E+02
   5490.00  0.48000E+02  0.73000E+02
   5500.00  0.47000E+02  0.85000E+02
   5510.00  0.40000E+02  0.84000E+02
   5520.00  0.48000E+02  0.74000E+02
   5530.00  0.42000E+02  0.82000E+02
   5540.00  0.36000E+02  0.76000E+02
   5550.00  0.40000E+02  0.83000E+02
   5560.00  0.33000E+02  0.71000E+02
   5570.00  0.40000E+02  0.66000E+02
   5580.00  0.47000E+02  0.65000E+02
   5590.00  0.44000E+02  0.68000E+02
   5600.00  0.57000E+02  0.73000E+02
   5610.00  0.45000E+02  0.72000E+02
   5620.00  0.47000E+02  0.77000E+02
   5630.00  0.42000E+02  0.84000E+02
   5640.00  0.39000E+02  0.76000E+02
   5650.00  0.47000E+02  0.72000E+02
   5660.00  0.43000E+02  0.77000E+02
   5670.00  0.42000E+02  0.82000E+02
   5680.00  0.35000E+02  0.90000E+02
   5690.00  0.42000E+02  0.78000E+02
   5700.00  0.40000E+02  0.81000E+02
   5710.00  0.56000E+02  0.77000E+02
   5720.00  0.43000E+02  0.79000E+02
   5730.00  0.47000E+02  0.68000E+02
   5740.00  0.45000E+02  0.75000E+02
   5750.00  0.46000E+02  0.82000E+02
   5760.00  0.50000E+02  0.83000E+02
   5770.00  0.42000E+02  0.78000E+02
   5780.00  0.41000E+02  0.89000E+02
   5790.00  0.38000E+02  0.82000E+02
   5800.00  0.38000E+02  0.84000E+02
   5810.00  0.36000E+02  0.90000E+02
   5820.00  0.44000E+02  0.93000E+02
   5830.00  0.47000E+02  0.92000E+02
   5840.00  0.44000E+02  0.95000E+02
   5850.00  0.56000E+02  0.79000E+02
   5860.00  0.54000E+02  0.78000E+02
   5870.00  0.43000E+02  0.76000E+02
   5880.00  0.36000E+02  0.77000E+02
   5890.00  0.45000E+02  0.80000E+02
   5900.00  0.40000E+02  0.83000E+02
   5910.00  0.42000E+02  0.74000E+02
   5920.00  0.36000E+02  0.73000E+02
   5930.00  0.39000E+02  0.85000E+02
   5940.00  0.49000E+02  0.80000E+02
   5950.00  0.34000E+02  0.89000E+02
   5960.00  0.44000E+02  0.81000E+02
   5970.00  0.38000E+02  0.82000E+02
   5980.00  0.32000E+02  0.81000E+02
   5990.00  0.39000E+02  0.81000E+02
   6000.00  0.52000E+02  0.74000E+02
   6010.00  0.40000E+02  0.77000E+02
   6020.00  0.33000E+02  0.78000E+02
   6030.00  0.33000E+02  0.79000E+02
   6040.00  0.41000E+02  0.73000E+02
   6050.00  0.40000E+02  0.70000E+02
   6060.00  0.46000E+02  0.76000E+02
   6070.00  0.47000E+02  0.80000E+02
   6080.00  0.47000E+02  0.77000E+02
   6090.00  0.33000E+02  0.81000E+02
   6100.00  0.42000E+02  0.75000E+02
   6110.00  0.40000E+02  0.72000E+02
   6120.00  0.51000E+02  0.66000E+02
   6130.00  0.43000E+02  0.58000E+02
   6140.00  0.37000E+02  0.77000E+02
   6150.00  0.47000E+02  0.77000E+02
   6160.00  0.35000E+02  0.82000E+02
   6170.00  0.41000E+02  0.82000E+02
   6180.00  0.35000E+02  0.74000E+02
   6190.00  0.33000E+02  0.80000E+02
   6200.00  0.37000E+02  0.77000E+02
   6210.00  0.45000E+02  0.72000E+02
   6220.00  0.51000E+02  0.78000E+02
   6230.00  0.53000E+02  0.76000E+02
   6240.00  0.44000E+02  0.80000E+02
   6250.00  0.40000E+02  0.76000E+02
   6260.00  0.36000E+02  0.71000E+02
   6270.00  0.47000E+02  0.82000E+02
   6280.00  0.38000E+02  0.79000E+02
   6290.00  0.48000E+02  0.77000E+02
   6300.00  0.43000E+02  0.75000E+02
   6310.00  0.42000E+02  0.78000E+02
   6320.00  0.40000E+02  0.77000E+02
   6330.00  0.36000E+02  0.80000E+02
   6340.00  0.43000E+02  0.65000E+02
   6350.00  0.36000E+02  0.66000E+02
   6360.00  0.45000E+02  0.72000E+02
   6370.00  0.36000E+02  0.69000E+02
   6380.00  0.40000E+02  0.73000E+02
   6390.00  0.45000E+02  0.71000E+02
   6400.00  0.44000E+02  0.69000E+02
   6410.00  0.43000E+02  0.66000E+02
   6420.00  0.45000E+02  0.76000E+02
   6430.00  0.52000E+02  0.69000E+02
   6440.00  0.47000E+02  0.69000E+02
   6450.00  0.42000E+02  0.75000E+02
   6460.00  0.31000E+02  0.74000E+02
   6470.00  0.37000E+02  0.80000E+02
   6480.00  0.41000E+02  0.86000E+02
   6490.00  0.51000E+02  0.80000E+02
   6500.00  0.45000E+02  0.75000E+02
   6510.00  0.47000E+02  0.71000E+02
   6520.00  0.44000E+02  0.72000E+02
   6530.00  0.43000E+02  0.85000E+02
   6540.00  0.46000E+02  0.78000E+02
   6550.00  0.46000E+02  0.68000E+02
   6560.00  0.44000E+02  0.68000E+02
   6570.00  0.46000E+02  0.74000E+02
   6580.00  0.48000E+02  0.81000E+02
   6590.00  0.42000E+02  0.81000E+02
   6600.00  0.40000E+02  0.79000E+02
   6610.00  0.40000E+02  0.77000E+02
   6620.00  0.48000E+02  0.69000E+02
   6630.00  0.46000E+02  0.82000E+02
   6640.00  0.48000E+02  0.71000E+02
   6650.00  0.54000E+02  0.73000E+02
   6660.00  0.33000E+02  0.88000E+02
   6670.00  0.42000E+02  0.85000E+02
   6680.00  0.53000E+02  0.76000E+02
   6690.00  0.45000E+02  0.69000E+02
   6700.00  0.42000E+02  0.73000E+02
   6710.00  0.36000E+02  0.69000E+02
   6720.00  0.47000E+02  0.76000E+02
   6730.00  0.41000E+02  0.69000E+02
   6740.00  0.44000E+02  0.74000E+02
   6750.00  0.41000E+02  0.76000E+02
   6760.00  0.46000E+02  0.71000E+02
   6770.00  0.42000E+02  0.74000E+02
   6780.00  0.39000E+02  0.83000E+02
   6790.00  0.50000E+02  0.87000E+02
   6800.00  0.28000E+02  0.89000E+02
   6810.00  0.36000E+02  0.89000E+02
   6820.00  0.60000E+02  0.80000E+02
   6830.00  0.46000E+02  0.82000E+02
   6840.00  0.45000E+02  0.77000E+02
   6850.00  0.38000E+02  0.72000E+02
   6860.00  0.47000E+02  0.83000E+02
   6870.00  0.49000E+02  0.79000E+02
   6880.00  0.45000E+02  0.80000E+02
   6890.00  0.49000E+02  0.73000E+02
   6900.00  0.45000E+02  0.85000E+02
   6910.00  0.43000E+02  0.78000E+02
   6920.00  0.44000E+02  0.71000E+02
   6930.00  0.44000E+02  0.75000E+02
   6940.00  0.42000E+02  0.81000E+02
   6950.00  0.39000E+02  0.81000E+02
   6960.00  0.49000E+02  0.75000E+02
   6970.00  0.44000E+02  0.73000E+02
   6980.00  0.42000E+02  0.75000E+02
   6990.00  0.42000E+02  0.73000E+02
   7000.00  0.45000E+02  0.76000E+02
   7010.00  0.31000E+02  0.79000E+02
   7020.00  0.38000E+02  0.73000E+02
   7030.00  0.43000E+02  0.73000E+02
   7040.00  0.45000E+02  0.69000E+02
   7050.00  0.48000E+02  0.76000E+02
   7060.00  0.39000E+02  0.83000E+02
   7070.00  0.44000E+02  0.90000E+02
   7080.00  0.36000E+02  0.79000E+02
   7090.00  0.44000E+02  0.82000E+02
   7100.00  0.39000E+02  0.79000E+02
   7110.00  0.48000E+02  0.76000E+02
   7120.00  0.39000E+02  0.71000E+02
   7130.00  0.51000E+02  0.65000E+02
   7140.00  0.50000E+02  0.65000E+02
   7150.00  0.44000E+02  0.76000E+02
   7160.00  0.38000E+02  0.73000E+02
   7170.00  0.38000E+02  0.77000E+02
   7180.00  0.36000E+02  0.83000E+02
   7190.00  0.37000E+02  0.91000E+02
   7200.00  0.42000E+02  0.80000E+02
   7210.00  0.51000E+02  0.67000E+02
   7220.00  0.45000E+02  0.78000E+02
   7230.00  0.45000E+02  0.75000E+02
   7240.00  0.37000E+02  0.72000E+02
   7250.00  0.26000E+02  0.73000E+02
   7260.00  0.41000E+02  0.75000E+02
   7270.00  0.34000E+02  0.66000E+02
   7280.00  0.43000E+02  0.72000E+02
   7290.00  0.36000E+02  0.86000E+02
   7300.00  0.50000E+02  0.84000E+02
   7310.00  0.46000E+02  0.71000E+02
   7320.00  0.39000E+02  0.72000E+02
   7330.00  0.50000E+02  0.75000E+02
   7340.00  0.42000E+02  0.71000E+02
   7350.00  0.52000E+02  0.71000E+02
   7360.00  0.42000E+02  0.75000E+02
   7370.00  0.43000E+02  0.81000E+02
   7380.00  0.46000E+02  0.79000E+02
   7390.00  0.34000E+02  0.76000E+02
   7400.00  0.45000E+02  0.69000E+02
   7410.00  0.34000E+02  0.66000E+02
   7420.00  0.43000E+02  0.72000E+02
   7430.00  0.37000E+02  0.63000E+02
   7440.00  0.39000E+02  0.74000E+02
   7450.00  0.44000E+02  0.70000E+02
   7460.00  0.40000E+02  0.79000E+02
   7470.00  0.37000E+02  0.72000E+02
   7480.00  0.46000E+02  0.78000E+02
   7490.00  0.44000E+02  0.72000E+02
   7500.00  0.42000E+02  0.79000E+02
   7510.00  0.46000E+02  0.82000E+02
   7520.00  0.46000E+02  0.84000E+02
   7530.00  0.36000E+02  0.89000E+02
   7540.00  0.37000E+02  0.91000E+02
   7550.00  0.52000E+02  0.75000E+02
   7560.00  0.43000E+02  0.78000E+02
   7570.00  0.46000E+02  0.77000E+02
   7580.00  0.35000E+02  0.71000E+02
   7590.00  0.41000E+02  0.81000E+02
   7600.00  0.46000E+02  0.79000E+02
   7610.00  0.40000E+02  0.79000E+02
   7620.00  0.47000E+02  0.82000E+02
   7630.00  0.34000E+02  0.75000E+02
   7640.00  0.42000E+02  0.78000E+02
   7650.00  0.36000E+02  0.80000E+02
   7660.00  0.37000E+02  0.83000E+02
   7670.00  0.27000E+02  0.90000E+02
   7680.00  0.52000E+02  0.81000E+02
   7690.00  0.49000E+02  0.82000E+02
   7700.00  0.38000E+02  0.90000E+02
   7710.00  0.28000E+02  0.91000E+02
   7720.00  0.39000E+02  0.88000E+02
   7730.00  0.46000E+02  0.91000E+02
   7740.00  0.41000E+02  0.92000E+02
   7750.00  0.51000E+02  0.88000E+02
   7760.00  0.43000E+02  0.83000E+02
   7770.00  0.51000E+02  0.90000E+02
   7780.00  0.46000E+02  0.95000E+02
   7790.00  0.36000E+02  0.91000E+02
   7800.00  0.32000E+02  0.72000E+02
   7810.00  0.38000E+02  0.74000E+02
   7820.00  0.32000E+02  0.79000E+02
   7830.00  0.37000E+02  0.74000E+02
   7840.00  0.39000E+02  0.67000E+02
   7850.00  0.38000E+02  0.74000E+02
   7860.00  0.45000E+02  0.83000E+02
   7870.00  0.34000E+02  0.87000E+02
   7880.00  0.38000E+02  0.84000E+02
   7890.00  0.34000E+02  0.77000E+02
   7900.00  0.41000E+02  0.71000E+02
   7910.00  0.48000E+02  0.63000E+02
   7920.00  0.41000E+02  0.71000E+02
   7930.00  0.36000E+02  0.74000E+02
   7940.00  0.38000E+02  0.82000E+02
   7950.00  0.46000E+02  0.78000E+02
   7960.00  0.39000E+02  0.85000E+02
   7970.00  0.51000E+02  0.76000E+02
   7980.00  0.52000E+02  0.78000E+02
   7990.00  0.44000E+02  0.79000E+02
   8000.00  0.36000E+02  0.89000E+02
   8010.00  0.34000E+02  0.84000E+02
   8020.00  0.50000E+02  0.80000E+02
   8030.00  0.46000E+02  0.74000E+02
   8040.00  0.44000E+02  0.79000E+02
   8050.00  0.37000E+02  0.70000E+02
   8060.00  0.34000E+02  0.79000E+02
   8070.00  0.36000E+02  0.75000E+02
   8080.00  0.44000E+02  0.67000E+02
   8090.00  0.31000E+02  0.70000E+02
   8100.00  0.45000E+02  0.75000E+02
   8110.00  0.43000E+02  0.75000E+02
   8120.00  0.38000E+02  0.73000E+02
   8130.00  0.42000E+02  0.71000E+02
   8140.00  0.44000E+02  0.69000E+02
   8150.00  0.42000E+02  0.62000E+02
   8160.00  0.45000E+02  0.70000E+02
   8170.00  0.31000E+02  0.68000E+02
   8180.00  0.48000E+02  0.53000E+02
   8190.00  0.50000E+02  0.60000E+02
   8200.00  0.45000E+02  0.73000E+02
   8210.00  0.45000E+02  0.75000E+02
   8220.00  0.40000E+02  0.78000E+02
   8230.00  0.40000E+02  0.82000E+02
   8240.00  0.40000E+02  0.76000E+02
   8250.00  0.40000E+02  0.70000E+02
   8260.00  0.34000E+02  0.72000E+02
   8270.00  0.42000E+02  0.72000E+02
   8280.00  0.49000E+02  0.71000E+02
   8290.00  0.41000E+02  0.86000E+02
   8300.00  0.46000E+02  0.84000E+02
   8310.00  0.33000E+02  0.79000E+02
   8320.00  0.46000E+02  0.74000E+02
   8330.00  0.42000E+02  0.78000E+02
   8340.00  0.44000E+02  0.75000E+02
   8350.00  0.48000E+02  0.71000E+02
   8360.00  0.44000E+02  0.81000E+02
   8370.00  0.44000E+02  0.85000E+02
   8380.00  0.40000E+02  0.88000E+02
   8390.00  0.41000E+02  0.76000E+02
   8400.00  0.36000E+02  0.73000E+02
   8410.00  0.41000E+02  0.67000E+02
   8420.00  0.44000E+02  0.71000E+02
   8430.00  0.46000E+02  0.72000E+02
   8440.00  0.31000E+02  0.72000E+02
   8450.00  0.43000E+02  0.72000E+02
   8460.00  0.33000E+02  0.70000E+02
   8470.00  0.42000E+02  0.70000E+02
   8480.00  0.44000E+02  0.68000E+02
   8490.00  0.39000E+02  0.73000E+02
   8500.00  0.38000E+02  0.78000E+02
   8510.00  0.34000E+02  0.78000E+02
   8520.00  0.43000E+02  0.77000E+02
   8530.00  0.44000E+02  0.77000E+02
   8540.00  0.46000E+02  0.77000E+02
   8550.00  0.46000E+02  0.74000E+02
   8560.00  0.47000E+02  0.70000E+02
   8570.00  0.38000E+02  0.83000E+02
   8580.00  0.37000E+02  0.78000E+02
   8590.00  0.44000E+02  0.68000E+02
   8600.00  0.48000E+02  0.75000E+02
   8610.00  0.43000E+02  0.83000E+02
   8620.00  0.47000E+02  0.83000E+02
   8630.00  0.47000E+02  0.78000E+02
   8640.00  0.33000E+02  0.86000E+02
   8650.00  0.29000E+02  0.78000E+02
   8660.00  0.32000E+02  0.74000E+02
   8670.00  0.45000E+02  0.65000E+02
   8680.00  0.50000E+02  0.72000E+02
   8690.00  0.43000E+02  0.78000E+02
   8700.00  0.55000E+02  0.77000E+02
   8710.00  0.36000E+02  0.81000E+02
   8720.00  0.45000E+02  0.79000E+02
   8730.00  0.43000E+02  0.69000E+02
   8740.00  0.45000E+02  0.69000E+02
   8750.00  0.43000E+02  0.72000E+02
   8760.00  0.42000E+02  0.61000E+02
   8770.00  0.39000E+02  0.64000E+02
   8780.00  0.40000E+02  0.71000E+02
   8790.00  0.46000E+02  0.79000E+02
   8800.00  0.42000E+02  0.75000E+02
   8810.00  0.42000E+02  0.69000E+02
   8820.00  0.40000E+02  0.80000E+02
   8830.00  0.40000E+02  0.78000E+02
   8840.00  0.39000E+02  0.76000E+02
   8850.00  0.42000E+02  0.73000E+02
   8860.00  0.36000E+02  0.79000E+02
   8870.00  0.30000E+02  0.88000E+02
   8880.00  0.39000E+02  0.72000E+02
   8890.00  0.53000E+02  0.75000E+02
   8900.00  0.45000E+02  0.73000E+02
   8910.00  0.34000E+02  0.70000E+02
   8920.00  0.38000E+02  0.66000E+02
   8930.00  0.45000E+02  0.84000E+02
   8940.00  0.37000E+02  0.75000E+02
   8950.00  0.45000E+02  0.74000E+02
   8960.00  0.54000E+02  0.67000E+02
   8970.00  0.40000E+02  0.73000E+02
   8980.00  0.44000E+02  0.67000E+02
   8990.00  0.53000E+02  0.79000E+02
   9000.00  0.39000E+02  0.82000E+02
   9010.00  0.53000E+02  0.85000E+02
   9020.00  0.46000E+02  0.83000E+02
   9030.00  0.49000E+02  0.78000E+02
   9040.00  0.40000E+02  0.77000E+02
   9050.00  0.39000E+02  0.84000E+02
   9060.00  0.34000E+02  0.84000E+02
   9070.00  0.42000E+02  0.71000E+02
   9080.00  0.42000E+02  0.80000E+02
   9090.00  0.36000E+02  0.90000E+02
   9100.00  0.37000E+02  0.78000E+02
   9110.00  0.46000E+02  0.84000E+02
   9120.00  0.37000E+02  0.87000E+02
   9130.00  0.41000E+02  0.77000E+02
   9140.00  0.36000E+02  0.78000E+02
   9150.00  0.33000E+02  0.84000E+02
   9160.00  0.38000E+02  0.74000E+02
   9170.00  0.37000E+02  0.71000E+02
   9180.00  0.34000E+02  0.79000E+02
   9190.00  0.31000E+02  0.81000E+02
   9200.00  0.39000E+02  0.73000E+02
   9210.00  0.50000E+02  0.66000E+02
   9220.00  0.37000E+02  0.64000E+02
   9230.00  0.44000E+02  0.71000E+02
   9240.00  0.50000E+02  0.72000E+02
   9250.00  0.37000E+02  0.70000E+02
   9260.00  0.41000E+02  0.69000E+02
   9270.00  0.49000E+02  0.77000E+02
   9280.00  0.45000E+02  0.70000E+02
   9290.00  0.38000E+02  0.88000E+02
   9300.00  0.41000E+02  0.88000E+02
   9310.00  0.43000E+02  0.89000E+02
   9320.00  0.43000E+02  0.76000E+02
   9330.00  0.36000E+02  0.75000E+02
   9340.00  0.33000E+02  0.86000E+02
   9350.00  0.43000E+02  0.79000E+02
   9360.00  0.35000E+02  0.80000E+02
   9370.00  0.39000E+02  0.79000E+02
   9380.00  0.41000E+02  0.80000E+02
   9390.00  0.30000E+02  0.84000E+02
   9400.00  0.41000E+02  0.69000E+02
   9410.00  0.48000E+02  0.87000E+02
   9420.00  0.48000E+02  0.83000E+02
   9430.00  0.47000E+02  0.83000E+02
   9440.00  0.49000E+02  0.67000E+02
   9450.00  0.51000E+02  0.80000E+02
   9460.00  0.46000E+02  0.82000E+02
   9470.00  0.46000E+02  0.74000E+02
   9480.00  0.48000E+02  0.70000E+02
   9490.00  0.34000E+02  0.77000E+02
   9500.00  0.44000E+02  0.65000E+02
   9510.00  0.34000E+02  0.66000E+02
   9520.00  0.42000E+02  0.75000E+02
   9530.00  0.44000E+02  0.71000E+02
   9540.00  0.41000E+02  0.76000E+02
   9550.00  0.46000E+02  0.73000E+02
   9560.00  0.36000E+02  0.73000E+02
   9570.00  0.50000E+02  0.66000E+02
   9580.00  0.53000E+02  0.62000E+02
   9590.00  0.40000E+02  0.64000E+02
   9600.00  0.42000E+02  0.52000E+02
   9610.00  0.43000E+02  0.56000E+02
   9620.00  0.44000E+02  0.55000E+02
   9630.00  0.34000E+02  0.60000E+02
   9640.00  0.36000E+02  0.69000E+02
   9650.00  0.40000E+02  0.68000E+02
   9660.00  0.41000E+02  0.68000E+02
   9670.00  0.46000E+02  0.61000E+02
   9680.00  0.34000E+02  0.60000E+02
   9690.00  0.30000E+02  0.68000E+02
   9700.00  0.36000E+02  0.72000E+02
   9710.00  0.43000E+02  0.65000E+02
   9720.00  0.47000E+02  0.69000E+02
   9730.00  0.48000E+02  0.78000E+02
   9740.00  0.44000E+02  0.85000E+02
   9750.00  0.36000E+02  0.77000E+02
   9760.00  0.47000E+02  0.74000E+02
   9770.00  0.37000E+02  0.68000E+02
   9780.00  0.43000E+02  0.69000E+02
   9790.00  0.41000E+02  0.68000E+02
   9800.00  0.32000E+02  0.67000E+02
   9810.00  0.46000E+02  0.58000E+02
   9820.00  0.37000E+02  0.68000E+02
   9830.00  0.30000E+02  0.82000E+02
   9840.00  0.32000E+02  0.96000E+02
   9850.00  0.39000E+02  0.92000E+02
   9860.00  0.36000E+02  0.94000E+02
   9870.00  0.33000E+02  0.87000E+02
   9880.00  0.42000E+02  0.81000E+02
   9890.00  0.38000E+02  0.80000E+02
   9900.00  0.45000E+02  0.78000E+02
   9910.00  0.46000E+02  0.85000E+02
   9920.00  0.34000E+02  0.85000E+02
   9930.00  0.50000E+02  0.74000E+02
   9940.00  0.40000E+02  0.75000E+02
   9950.00  0.33000E+02  0.78000E+02
   9960.00  0.45000E+02  0.70000E+02
   9970.00  0.37000E+02  0.71000E+02
   9980.00  0.47000E+02  0.77000E+02
   9990.00  0.60000E+02  0.77000E+02
  10000.00  0.46000E+02  0.81000E+02
